total positives: 39708, total true positives: 20631.0, total false positives: 1216.0
face: 0.494163

P = 0.9443401840069575
R = 0.5195678452704745
Ac = 0.5041296060991105
F1 = 0.6703273495248152