total positives: 39708, total true positives: 6884.0, total false positives: 1839.0
face: 0.144391


P = 0.7891780350796744
R = 0.1733655686511534
Ac = 0.16569186704214503
F1 = 0.2842807292849621